3,2
3,1
3,3
10,230
10,12
10,178
10,228
10,292
10,184
10,16
10,128
11,6
11,20
11,26
8,14
8,8
8,13
8,6
8,7
8,9
8,2
8,3
48,4
48,3
48,2
48,1
48,0
47,4
47,3
47,2
47,1
47,0
46,5
46,4
46,3
46,2
46,1
46,0
45,4
45,3
45,2
45,1
45,0
43,5
43,4
43,3
43,2
43,1
43,0
40,5
40,4
40,3
40,2
40,1
40,0
38,5
38,4
38,3
38,2
38,1
38,0
29,1
26,3
26,1
20,3
20,2
20,1
12,3
12,2
19,2
19,1
12,1
11,28
11,27
19,3
11,24
11,23
11,22
11,21
11,18
11,16
11,13
11,11
11,10
11,7
11,5
11,4
11,3
11,2
11,1
10,310
10,291
10,278
10,239
10,227
10,215
10,199
18,1
10,182
18,3
10,181
10,146
10,132
14,1
10,124
14,3
13,1
